INSERT INTO ConstituencyDetails (ConstituencyID, DistrictID)
VALUES
	(101,1001),
	(102,1001),
	(103,1001),
	(104,1003),
	(105,1002),
	(106,1005),
	(105,1005),
	(106,1006),
	(104,1003),
	(107,1003),
	(108,1003),
	(109,1008),
	(110,1008),
	(110,1007),
	(111,1010),
	(112,1011),
	(113,1011),
	(112,1011),
	(114,1012),
	(115,1012),
	(116,1015),
	(115,1016),
	(111,1011),
	(117,1018),
	(118,1018),
	(118,1015),
	(119,1017),
	(120,1017),
	(113,1014),
	(116,1012),
	(119,1014),
	(120,1014),
	(120,1015);